created: 20230920114210691
difficulty: 5.869999999999999
due: 20231008111114682
elapsed_days: 0.020713912037037038
lapses: 0
last_review: 20231007111114682
modified: 20230920142001933
reps: 3
scheduled_days: 1
stability: 0.6
state: 2
tags: 高级技巧 ?
title: 如何反转显示问题和答案？
type: text/vnd.tiddlywiki

给条目加上`reverse`字段即可。