created: 20230920141947382
difficulty: 5.869999999999999
due: 20231010082724889
elapsed_days: 2.2276372800925928
lapses: 0
last_review: 20231008082724889
modified: 20231008054959578
reps: 2
scheduled_days: 2
stability: 0.6
state: 2
tags: 高级技巧 ?
title: 如何排序牌组？
type: text/vnd.tiddlywiki

在牌组列表中拖动排序即可。当一个卡片同属于多个正在学习中的牌组时，优先使用靠前牌组的参数。

* 学习时，卡片的上方会显示所属牌组。
