created: 20211112102233554
difficulty: 8.494
due: 20230922072338365
elapsed_days: 0.8538927662037037
lapses: 2
last_review: 20230920072338365
modified: 20230921100958105
reps: 4
review: 20220622073134431
scheduled_days: 2
stability: 0.3899614112064838
state: 2
tags: Feedback ?
title: FAQ
type: text/vnd.tiddlywiki



[[How Tidme works?]]

<<<
{{How Tidme works?}}
<<<
