created: 20211015003234010
creator: oflg
difficulty: 3.8644167212449796
due: 20221203073208051
lapses: 0
modified: 20220622073208052
modifier: oflg
reps: 4
retrievability: 0.840520446875612
review: 20220622073208050
stability: 163.6926732945425
tags: ?
title: Question1
type: text/vnd.tiddlywiki

Answer